# This file may be used to create an environment using:
# $ conda create --name <env> --file <this file>
# platform: win-64
brotlipy=0.7.0=py39ha55989b_1005
bzip2=1.0.8=h8ffe710_4
ca-certificates=2022.12.7=h5b45459_0
cdsapi=0.6.1=pyhd8ed1ab_0
certifi=2022.12.7=pyhd8ed1ab_0
cffi=1.15.1=py39h68f70e3_3
charset-normalizer=3.1.0=pyhd8ed1ab_0
colorama=0.4.6=pyhd8ed1ab_0
cryptography=40.0.2=py39hb6bd5e6_0
idna=3.4=pyhd8ed1ab_0
intel-openmp=2023.1.0=h57928b3_46319
libblas=3.9.0=16_win64_mkl
libcblas=3.9.0=16_win64_mkl
libffi=3.4.2=h8ffe710_5
libhwloc=2.9.1=h51c2c0f_0
libiconv=1.17=h8ffe710_0
liblapack=3.9.0=16_win64_mkl
libsqlite=3.40.0=hcfcfb64_1
libxml2=2.10.4=hc3477c8_0
libzlib=1.2.13=hcfcfb64_4
mkl=2022.1.0=h6a75c08_874
numpy=1.24.3=py39h816b6a6_0
openssl=3.1.0=hcfcfb64_2
packaging=23.1=pyhd8ed1ab_0
pandas=2.0.1=py39h1679cfb_0
pip=23.1.1=pyhd8ed1ab_0
pthreads-win32=2.9.1=hfa6e2cd_3
pycparser=2.21=pyhd8ed1ab_0
pyopenssl=23.1.1=pyhd8ed1ab_0
pysocks=1.7.1=pyh0701188_6
python=3.9.16=h4de0772_0_cpython
python-dateutil=2.8.2=pyhd8ed1ab_0
python-tzdata=2023.3=pyhd8ed1ab_0
python_abi=3.9=3_cp39
pytz=2023.3=pyhd8ed1ab_0
requests=2.28.2=pyhd8ed1ab_1
setuptools=67.7.2=pyhd8ed1ab_0
six=1.16.0=pyh6c4a22f_0
tbb=2021.9.0=h91493d7_0
tk=8.6.12=h8ffe710_0
tqdm=4.65.0=pyhd8ed1ab_1
tzdata=2023c=h71feb2d_0
ucrt=10.0.22621.0=h57928b3_0
urllib3=1.26.15=pyhd8ed1ab_0
vc=14.3=h3d8a991_11
vs2015_runtime=14.34.31931=h4c5c07a_11
wheel=0.40.0=pyhd8ed1ab_0
win_inet_pton=1.1.0=pyhd8ed1ab_6
xarray=2023.4.2=pyhd8ed1ab_0
xz=5.2.6=h8d14728_0
