# This file may be used to create an environment using:
# $ conda create --name <env> --file <this file>
# platform: win-64
bzip2=1.0.8=h8ffe710_4
ca-certificates=2022.12.7=h5b45459_0
libffi=3.4.2=h8ffe710_5
libsqlite=3.40.0=hcfcfb64_1
libzlib=1.2.13=hcfcfb64_4
openssl=3.1.0=hcfcfb64_2
pip=23.1.1=pyhd8ed1ab_0
python=3.9.16=h4de0772_0_cpython
setuptools=67.7.2=pyhd8ed1ab_0
tk=8.6.12=h8ffe710_0
tzdata=2023c=h71feb2d_0
ucrt=10.0.22621.0=h57928b3_0
vc=14.3=h3d8a991_11
vs2015_runtime=14.34.31931=h4c5c07a_11
wheel=0.40.0=pyhd8ed1ab_0
xz=5.2.6=h8d14728_0
